  12.136   42.261
  27.250   41.051
  39.165   38.353
  39.307   41.219
  41.064   41.217
  41.427   37.444
  53.189   33.648
  60.012   31.236
  60.014   29.760
  61.758   29.071
  61.758   31.236
  67.880   24.262
  79.866   14.586
  86.310   15.141
  91.774    7.468
 100.868    7.206
 101.726    5.890
 107.234    6.124
 116.757    5.362
 124.933   12.275
 127.903    4.834
 135.524    4.197
 145.910    9.475
 146.254   10.759
 147.906   10.757
 156.868    3.621
 164.669    5.619
 168.449    3.679
 168.734   10.146
 184.098   11.251
 193.368    9.367
 212.182    8.605
 217.564    6.900
 231.699    5.234
 243.576    2.894
 258.719    1.967
 262.187    4.889
 268.389    4.895
 279.180   16.305
 280.481   16.305
 285.178   11.437
 287.270   11.439
 291.023    7.061
 302.353   18.552
 302.353   20.947
 303.752   20.943
 303.755   19.635
 315.817   28.318
 327.334   34.540
 340.645   39.549
 357.896   41.536
  12.136   42.261
