 91 15
 95 15
100 15
105 15
110 15
115 15
120 15
125 15
130 15
135 15
140 15
145 15
150 15
155 15
160 15
165 15
170 15
175 15
180 15
185 15
190 15
195 15
200 15
205 15
210 15
215 15
220 15
225 15
230 15
235 15
240 15
245 15
250 15
255 15
260 15
265 15
269 15
269 40
265 40
260 40
255 40
250 40
245 40
240 40
235 40
230 40
225 40
220 40
215 40
210 40
205 40
200 40
195 40
190 40
185 40
180 40
175 40
170 40
165 40
160 40
155 40
150 40
145 40
140 40
135 40
130 40
125 40
120 40
115 40
110 40
105 40
100 40
 95 40
 91 40
 91 15
